0,207,213,260
1,27,29,164,287,296,304,314
2,41,151,205,209,223,250,310
3,5,7,23,67,104,115,136,193,199,210,232,282,300
4,88,107,143,245,278
6,8,18,35,66,202,217,293
9,22,51,91,161,208,236,248,311,317
10,227,309
11,19,34,37,50,72,117,145,157,159,206,244
12,62,71,78,92,132,175,222,226
13,96,120,158,168,177,178,221,277,292
14,82,85,111,170,191,272
15,105,135
16,17,36,69,98,106,110,134,147,154,169,237,308
20,42,79,86,140,228,298
21,47,186,251,259,301
24,76,144,160,165,182,184,189,196,198,215,224,273,319
25,97,123,129,146,166,225,253
26,99,108,156,216,249,295,299,302,312
28,44,52,57,95,313
30,32,55,84,93,137,211,318
31,60,80,102,116,142,149,172,197,240,262,270,285,305,322
33,65,75,103,112,139,176,229,275
38,90,113,125,126,153,155,235,242,243
39,74,81,118,128,241,255,281
40,46,122,252,266
43,59,114,127,131,280
45,53,61,64,68,73,87,100,180,200,204,268,274,284
48,163,179
49,101,138,173,174,256
54,261
56,124,231
58,89,148,171,183,188,203,212,238,269,271,283,294,321
63,130,167,190,214,220,233,239,264,289
70,94,181,219,263
77,83,109,121,133,141,150,187,192,230,234,267,306
119,218,297,303,316
152,185,276,307
162,194,201,246,247,254,257,279,288,290,291,315,320,323
195,258,286
265